9.7650893966e-018 2.4965912324e-025
3.0879925366e-017 1.5919014838e-024
9.7650906531e-017 1.0150441535e-023
3.0879933378e-016 6.4722261025e-023
9.7650957616e-016 4.1268855720e-022
3.0879965951e-015 2.6314260743e-021
9.7651165315e-015 1.6778762249e-020
3.0880098386e-014 1.0698642282e-019
9.7652009759e-014 6.8217753485e-019
3.0880636829e-013 4.3497686600e-018
7.7567513722e-013 1.9146911800e-017
1.9485169384e-012 8.0577275500e-017
4.8947582589e-012 3.2305251100e-016
6.1617357868e-012 4.3439865900e-016
1.2293238459e-011 1.1853243500e-015
2.4534756109e-011 3.1660963300e-015
4.8967693537e-011 8.3096606000e-015
9.7701818069e-011 2.1509300400e-014
1.9496595799e-010 5.5144427600e-014
2.4545813634e-010 7.2176753800e-014
3.8914790995e-010 1.3455702900e-013
6.1674189946e-010 2.5019842900e-013
7.7660488296e-010 3.4105952900e-013
9.0037319840e-010 4.1597863600e-013
1.1920188087e-009 5.6664286000e-013
1.8898047675e-009 1.0506847200e-012
3.0936048275e-009 1.9460795600e-012
4.9048952089e-009 3.6030556200e-012
5.9628092265e-009 4.6768686200e-012
7.5083698474e-009 6.3619290200e-012
9.7948623902e-009 8.6565848000e-012
1.2331720371e-008 1.1770642500e-011
1.5528955365e-008 1.6008073800e-011
1.8813235049e-008 2.0675030300e-011
2.4619843796e-008 2.8117380400e-011
3.1000530245e-008 3.8227742800e-011
3.7428175999e-008 4.9139334900e-011
4.9167128092e-008 6.6815948900e-011
6.1927340463e-008 9.0861100000e-011
7.6200197961e-008 1.1977145000e-010
8.1091903031e-008 1.2348849500e-010
1.0516977670e-007 1.6792783300e-010
1.2639901316e-007 2.1451479700e-010
1.3703668525e-007 2.3888209200e-010
1.5575463170e-007 2.7175729000e-010
2.0283954460e-007 3.6947427300e-010
2.4706514364e-007 4.8040741600e-010
3.1118771240e-007 6.2264633800e-010
3.1943353580e-007 6.4470080500e-010
3.2204384594e-007 6.5172189000e-010
3.3611217478e-007 6.8988355200e-010
3.5842916804e-007 7.5150389800e-010
3.7000225642e-007 7.8396609100e-010
3.7991898143e-007 8.1205043100e-010
4.2469445041e-007 8.9456883000e-010
1.5709443400e-006 1.7798037470e-009
2.3603992991e-006 2.8309014720e-009
3.3309340620e-006 4.3513380790e-009
4.4963481816e-006 6.4408955760e-009
5.8745844978e-006 9.2075334700e-009
9.3578146282e-006 1.7258652940e-008
1.3988582074e-005 2.9605024410e-008
2.0003814614e-005 4.7587262110e-008
2.7620494218e-005 7.2785523170e-008
3.6914805621e-005 1.0694351470e-007
5.3515888864e-005 1.7858336200e-007
7.8092913634e-005 3.1780734750e-007
9.1935088519e-005 4.1682116620e-007
9.5450501104e-005 4.4365823110e-007
1.0687260294e-004 5.9362860670e-007
1.1319611940e-004 6.6266652250e-007
1.1952364004e-004 7.3788299310e-007
1.2585529376e-004 8.1983970530e-007
1.3219122292e-004 9.0902400500e-007
1.3853157937e-004 1.0059149780e-006
1.4487652636e-004 1.1111486520e-006
1.5122623597e-004 1.2251380320e-006
1.5758088648e-004 1.3484613250e-006
1.6394066343e-004 1.4816141370e-006
1.7030575720e-004 1.6250920740e-006
1.7667636534e-004 1.7795559440e-006
1.8305269067e-004 1.9454187520e-006
1.8943493762e-004 2.1231761040e-006
1.9582331618e-004 2.3134888080e-006
2.0221803897e-004 2.5166872680e-006
2.0861931812e-004 2.7332670900e-006
2.1502737281e-004 2.9640542840e-006
2.2144242537e-004 3.2092966530e-006
2.2786469821e-004 3.4696550050e-006
2.3429441754e-004 3.7456249460e-006
2.4073181074e-004 4.0377020820e-006
2.4717710519e-004 4.3462994180e-006
2.5363053132e-004 4.6721603630e-006
2.6009232163e-004 5.0156153210e-006
2.6656271021e-004 5.3774077010e-006
2.7304193101e-004 5.7577027050e-006
2.7953021937e-004 6.1574089440e-006
2.8602781326e-004 6.5767742210e-006
2.9253495094e-004 7.0165419450e-006
2.9905187211e-004 7.4770425200e-006
3.0557881758e-004 7.9590193550e-006
3.1211602604e-004 8.4624724500e-006
3.1866373882e-004 8.9886408200e-006
3.3179143990e-004 1.0097972250e-005
3.4496378875e-004 1.1312206950e-005
3.5818315295e-004 1.2638779010e-005
3.7145196842e-004 1.4083470500e-005
3.8477292125e-004 1.5665279650e-005
3.9814876916e-004 1.7379250400e-005
4.1158236691e-004 1.9248511030e-005
4.2507660542e-004 2.1262323410e-005
4.3863421151e-004 2.3433077690e-005
4.5225831547e-004 2.5787206190e-005
4.6595206712e-004 2.8310666740e-005
4.7971859296e-004 3.1029891660e-005
4.9356124221e-004 3.3946532970e-005
5.0748318901e-004 3.7058938650e-005
5.2148757619e-004 4.0379498850e-005
5.3557773941e-004 4.3923907760e-005
5.4975718590e-004 4.7703729520e-005
5.6402923577e-004 5.1704921960e-005
5.7839704424e-004 5.5941527250e-005
5.9286407012e-004 6.0439151700e-005
6.0743378680e-004 6.5186231170e-005
6.2210965744e-004 7.0208371970e-005
6.3689513291e-004 7.5491531930e-005
6.5179362072e-004 8.1060491350e-005
6.6680854253e-004 8.6904512100e-005
6.8194333011e-004 9.3050026500e-005
6.9720158619e-004 9.9501164600e-005
7.1258673809e-004 1.0624966630e-004
7.2810223178e-004 1.1332031190e-004
7.5953835417e-004 1.2843629490e-004
7.9153786786e-004 1.4489041410e-004
8.2412957513e-004 1.6280657100e-004
8.5734198909e-004 1.8215172520e-004
8.9120351993e-004 2.0307455850e-004
9.2574322481e-004 2.2557507090e-004
9.6098803330e-004 2.4962848210e-004
9.9696711867e-004 2.7553215570e-004
1.0337100146e-003 3.0311262960e-004
1.0712443203e-003 3.3253510580e-004
1.1095982417e-003 3.6378306410e-004
1.1488001640e-003 3.9700518630e-004
1.1888803206e-003 4.3230885370e-004
1.2298674193e-003 4.6957842490e-004
1.2717888693e-003 5.0894606150e-004
1.3146722069e-003 5.5039524330e-004
1.3585450729e-003 5.9406639200e-004
1.4034369549e-003 6.4009166920e-004
1.4493762024e-003 6.8834717340e-004
1.4963897667e-003 7.3894854600e-004
1.5445062570e-003 7.9204446880e-004
1.5937548490e-003 8.4765146200e-004
1.6441632061e-003 9.0571996500e-004
1.6957567304e-003 9.6618389700e-004
1.7485639040e-003 1.0295388640e-003
1.8026138981e-003 1.0954544620e-003
1.8579331091e-003 1.1640958930e-003
1.9145485218e-003 1.2354631570e-003
1.9724927472e-003 1.3102996630e-003
2.0317823799e-003 1.3861273810e-003
2.0924473594e-003 1.4671589620e-003
2.1545209627e-003 1.5495121590e-003
2.2180243306e-003 1.6359128050e-003
2.2829882954e-003 1.7247914810e-003
2.3494414832e-003 1.8176350050e-003
2.4174022841e-003 1.9117175440e-003
2.4868992195e-003 2.0112517490e-003
2.5579694350e-003 2.1130987820e-003
2.6306286721e-003 2.2178368500e-003
2.7049034194e-003 2.3263745640e-003
